0.6290425374600145	22.451038794141482
0.6177570786944887	16.602367136068484
0.6052275919335036	16.27255920165852
0.6138900439271084	17.695358266431796
0.607431064013244	15.478706680198558
0.6333675895702668	12.763960395100423
0.6181676332665368	14.699881982725337
0.5894294902504195	15.121361438303238
0.6101673061389347	18.77140155746716
0.6218603813812689	15.298845048876574
0.6342072040570321	12.32672445492273
0.630009565751567	12.802208703420101
0.5898118982796836	15.9038057372329
0.6104572756608211	14.801908202882235
