1.8884391958950268	21.733919274232385
1.8534692658709053	16.43660917801222
1.8154059985804278	16.6387503460578
1.8414503498177157	17.909231965195474
1.8222490921724348	15.794493572365603
1.9001904784205312	13.223953959693544
1.8542005488792195	15.306093061726902
1.7960761517127768	5.715324470998898
1.8298675876398052	19.322324050714723
1.8644858845232968	16.180554131926506
1.9020018595408748	13.166350087860595
1.8895892136192447	13.58350503127216
1.791900549430568	8.384041450802279
1.8292360590047372	16.237487786817994
